$ 1 3.125e-7 30.13683688681966 72 5 43
v 112 224 112 384 0 1 4000 0.1 0 0 0.5
r 112 224 192 224 0 1000
c 192 224 256 224 0 0.00001 -1.0604829745886208
w 112 384 256 384 0
r 256 384 256 224 0 4700
r 256 176 256 80 0 47000
t 304 224 320 224 0 1 -5.830015864273117 0.5936200283110803 100
w 256 384 320 384 0
r 320 240 320 320 0 330
r 320 320 320 384 0 330
w 256 80 320 80 0
r 320 176 320 80 0 6800
c 320 208 432 208 0 0.000009999999999999999 7.157983924168223
r 480 272 480 384 0 1000
w 320 384 368 384 0
w 432 384 368 384 0
c 368 384 368 320 0 0.00009999999999999999 -0.23730427233248655
s 320 320 368 320 0 0 false
g 320 384 320 416 0
s 480 208 480 272 0 0 false
w 112 224 112 176 0
s 112 176 192 176 0 0 false
w 192 176 192 224 0
R 320 80 320 32 0 0 40 12 0 0 0.5
c 272 176 320 176 0 3.3e-11 -7.323811538871567
w 256 176 256 224 0
w 256 224 272 224 0
w 272 224 304 224 0
s 272 176 272 224 0 1 false
w 320 176 320 208 0
x 493 349 508 352 4 12 RL
x 71 325 88 328 4 12 Vin
x 217 254 231 257 4 12 Cc
x 381 340 396 343 4 12 Ce
x 148 253 164 256 4 12 RX
x 284 285 307 288 4 12 RE1
x 283 353 306 356 4 12 RE2
x 228 132 243 135 4 12 R1
x 225 305 240 308 4 12 R2
x 333 117 350 120 4 12 RC
x 366 235 380 238 4 12 Cc
x 288 200 309 203 4 12 Ccb
207 480 208 528 208 4 Vout
x 312 21 332 24 4 12 Vcc
c 432 208 432 384 0 1.3e-11 -0.18787176881066073
w 432 384 480 384 0
w 432 208 480 208 0
o 42 8 0 4099 0.625 0.00009765625 0 2 42 3
