$ 1 0.000019999999999999998 15.472767971186109 50 5 48
v 96 336 96 48 0 1 50 5 0 0 0.5
w 96 48 224 48 0
w 224 48 224 112 0
d 224 112 288 176 3 default
d 224 240 288 176 3 default
d 160 176 224 112 3 default
d 160 176 224 240 3 default
w 224 240 224 336 0
w 224 336 96 336 0
w 160 176 160 272 0
w 288 176 336 176 0
w 160 272 336 272 0
c 336 176 336 272 0 0.00009999999999999999 3.642701454833807
w 336 176 416 176 0
w 336 272 416 272 0
r 416 176 416 272 0 1000
x 25 198 46 201 4 15 Vin
x 445 231 475 234 4 15 Vout
o 0 8 0 4098 5 0.00009765625 0 2 0 3
o 15 8 0 20482 5 0.0125 1 2 15 3
